[gd_scene load_steps=9 format=3 uid="uid://c85unba8rfv7y"]

[ext_resource type="Script" uid="uid://34elikmi0rag" path="res://scripts/player_character.gd" id="1_0vayk"]
[ext_resource type="PackedScene" uid="uid://dva76341yccop" path="res://assets/KayKit_Adventurers_1.0_FREE/Characters/gltf/Rogue_Hooded.glb" id="2_qk0gk"]

[sub_resource type="AnimationNodeAnimation" id="AnimationNodeAnimation_qk0gk"]
animation = &"Running_A"

[sub_resource type="AnimationNodeAnimation" id="AnimationNodeAnimation_n8ksq"]
animation = &"Idle"

[sub_resource type="AnimationNodeBlend2" id="AnimationNodeBlend2_ip2qp"]

[sub_resource type="AnimationNodeBlendTree" id="AnimationNodeBlendTree_baa7v"]
graph_offset = Vector2(-267.583, 48.991)
nodes/Animation/node = SubResource("AnimationNodeAnimation_n8ksq")
nodes/Animation/position = Vector2(420, 80)
"nodes/Animation 2/node" = SubResource("AnimationNodeAnimation_qk0gk")
"nodes/Animation 2/position" = Vector2(376.871, 315.626)
nodes/Movement/node = SubResource("AnimationNodeBlend2_ip2qp")
nodes/Movement/position = Vector2(700, 140)
nodes/output/position = Vector2(940, 140)
node_connections = [&"Movement", 0, &"Animation", &"Movement", 1, &"Animation 2", &"output", 0, &"Movement"]

[sub_resource type="CapsuleShape3D" id="CapsuleShape3D_qk0gk"]
radius = 0.6
height = 2.2

[sub_resource type="CapsuleShape3D" id="CapsuleShape3D_n8ksq"]
height = 2.2

[node name="Rogue" type="CharacterBody3D" groups=["players"]]
script = ExtResource("1_0vayk")

[node name="Rogue_Hooded" parent="." instance=ExtResource("2_qk0gk")]
transform = Transform3D(-1, 0, -8.74228e-08, 0, 1, 0, 8.74228e-08, 0, -1, 0, 0, 0)

[node name="Skeleton3D" parent="Rogue_Hooded/Rig" index="0"]
bones/1/position = Vector3(0, 0.377662, 0)
bones/1/rotation = Quaternion(-1.11123e-10, 0.0431578, 2.57241e-09, 0.999068)
bones/2/rotation = Quaternion(-6.93889e-18, 7.10543e-15, 4.93038e-32, 1)
bones/3/rotation = Quaternion(8.27181e-25, 3.72529e-09, -2.75506e-40, 1)
bones/4/position = Vector3(0.212007, 0.134132, 7.92996e-08)
bones/4/rotation = Quaternion(-0.554972, -0.0575763, -0.638199, 0.530465)
bones/5/rotation = Quaternion(1.76505e-08, -8.62347e-08, -0.511775, 0.85912)
bones/7/rotation = Quaternion(-0.321853, -0.334207, 0.150049, 0.873042)
bones/8/position = Vector3(8.34843e-10, 0.0961252, -0.0575)
bones/8/rotation = Quaternion(0.000508113, 0.000508102, -0.705239, 0.708969)
bones/10/position = Vector3(-0.212007, 0.134132, 8.6814e-08)
bones/10/rotation = Quaternion(-0.61336, 0.0778671, 0.61345, 0.49133)
bones/11/rotation = Quaternion(6.56222e-09, 5.81272e-08, 0.534303, 0.845293)
bones/13/rotation = Quaternion(-0.320626, 0.31023, -0.232078, 0.864347)
bones/14/position = Vector3(-1.5736e-08, 0.0961251, -0.0575)
bones/14/rotation = Quaternion(0.00163549, 0.00192637, 0.705408, 0.708798)
bones/19/rotation = Quaternion(-5.8061e-11, -0.0313416, -1.88013e-09, 0.999509)
bones/21/position = Vector3(0.170945, 0.113587, 1.59941e-08)
bones/21/rotation = Quaternion(0.991411, 0.083209, 0.0772806, 0.0648658)
bones/22/rotation = Quaternion(0.33645, 5.7421e-08, -2.38251e-07, 0.941701)
bones/23/rotation = Quaternion(-0.590827, -0.204099, 0.0662842, 0.777736)
bones/24/rotation = Quaternion(-9.74126e-09, 0.920355, -0.391084, 7.8309e-08)
bones/25/position = Vector3(-0.170945, 0.113587, 1.55755e-08)
bones/25/rotation = Quaternion(0.993702, -0.0320174, 0.0303621, 0.103005)
bones/26/rotation = Quaternion(0.387321, -6.08853e-08, 2.71013e-07, 0.921945)
bones/27/rotation = Quaternion(-0.619515, 0.11336, -0.0184736, 0.776537)
bones/28/rotation = Quaternion(3.03597e-08, 0.920355, -0.391084, -6.95338e-08)
bones/29/rotation = Quaternion(0.707107, -2.29302e-07, -4.60551e-08, 0.707107)
bones/30/position = Vector3(0.202182, 0.0259903, 0.205181)
bones/30/rotation = Quaternion(-0.707107, -7.05285e-08, -7.05285e-08, 0.707107)
bones/31/rotation = Quaternion(9.65792e-09, 1.77955e-09, 0.985719, -0.168398)
bones/32/position = Vector3(-2.60494e-08, 0.213436, -5.1715e-09)
bones/32/rotation = Quaternion(-1.01273e-07, 0.391084, 0.920355, -3.35091e-08)
bones/33/position = Vector3(8.58988e-09, 0.16565, -2.40963e-09)
bones/34/rotation = Quaternion(1, -2.33136e-09, 1.99777e-07, -1.34211e-15)
bones/36/rotation = Quaternion(0.707107, -3.82385e-08, 1.45009e-07, 0.707107)
bones/37/rotation = Quaternion(-0.707107, -7.05285e-08, -7.05285e-08, 0.707107)
bones/38/rotation = Quaternion(-5.83589e-09, 6.43837e-10, 0.994809, 0.101756)
bones/39/position = Vector3(-1.11482e-08, 0.213436, -2.50942e-15)
bones/39/rotation = Quaternion(-1.05796e-07, 0.391084, 0.920355, -2.58643e-08)
bones/40/position = Vector3(-6.31128e-09, 0.16565, 2.70695e-09)
bones/41/rotation = Quaternion(1, 3.76526e-09, 1.94879e-07, 7.45058e-09)
bones/43/rotation = Quaternion(-0.707107, -7.27951e-08, -7.27951e-08, 0.707107)
bones/44/position = Vector3(0.520841, 0.781083, -0.0576374)
bones/44/rotation = Quaternion(0.794627, -1.11759e-07, 0.607098, -5.96046e-08)
bones/45/rotation = Quaternion(-0.707107, -7.27951e-08, -7.27951e-08, 0.707107)
bones/46/position = Vector3(-0.510844, 0.781083, 0.0597369)
bones/46/rotation = Quaternion(-0.758253, -1.52737e-07, 0.651961, -1.11759e-08)

[node name="Knife_Offhand" parent="Rogue_Hooded/Rig/Skeleton3D" index="0"]
transform = Transform3D(3.05905e-07, 0.262863, 0.964833, 0.999984, -0.0052749, 0.00143713, 0.00546744, 0.964818, -0.262859, 0.507518, 0.629738, -0.0175106)
visible = false

[node name="1H_Crossbow" parent="Rogue_Hooded/Rig/Skeleton3D" index="1"]
transform = Transform3D(0.987934, -0.15487, 0.00113733, 0.000399192, -0.00479559, -0.999988, 0.154874, 0.987923, -0.00467631, -0.4891, 0.738934, 0.0978634)
visible = false

[node name="2H_Crossbow" parent="Rogue_Hooded/Rig/Skeleton3D" index="2"]
transform = Transform3D(0.987934, -0.15487, 0.00113733, 0.000399192, -0.00479559, -0.999988, 0.154874, 0.987923, -0.00467631, -0.4891, 0.738934, 0.0978634)
visible = false

[node name="Knife" parent="Rogue_Hooded/Rig/Skeleton3D" index="3"]
transform = Transform3D(-0.00113733, -0.15487, 0.987934, 0.999988, -0.00479544, 0.000399211, 0.00467616, 0.987923, 0.154873, -0.490585, 0.634257, 0.107607)
visible = false

[node name="Throwable" parent="Rogue_Hooded/Rig/Skeleton3D" index="4"]
transform = Transform3D(-0.00113731, -0.15487, 0.987934, 0.999988, -0.00479542, 0.000399197, 0.00467614, 0.987923, 0.154873, -0.5185, 0.633393, 0.285677)
visible = false

[node name="Rogue_Cape" parent="Rogue_Hooded/Rig/Skeleton3D" index="5"]
transform = Transform3D(0.996275, -5.14962e-09, 0.0862353, 5.13043e-09, 1, 4.44077e-10, -0.0862353, 1.88007e-15, 0.996275, -4.17227e-09, 1.18787, 1.52591e-15)

[node name="AnimationTree" type="AnimationTree" parent="."]
root_node = NodePath("../Rogue_Hooded")
tree_root = SubResource("AnimationNodeBlendTree_baa7v")
anim_player = NodePath("../Rogue_Hooded/AnimationPlayer")
parameters/Movement/blend_amount = 0.0

[node name="PhysicalBox" type="CollisionShape3D" parent="."]
transform = Transform3D(1, 0, 0, 0, 1, 0, 0, 0, 1, 0, 1.1, 0)
shape = SubResource("CapsuleShape3D_qk0gk")

[node name="Hitbox" type="Area3D" parent="."]
collision_layer = 2
collision_mask = 2

[node name="CollisionShape3D" type="CollisionShape3D" parent="Hitbox"]
transform = Transform3D(1, 0, 0, 0, 1, 0, 0, 0, 1, 0, 1.1, -0.016391)
shape = SubResource("CapsuleShape3D_n8ksq")
debug_color = Color(0.229425, 0.637941, 0, 0.42)

[editable path="Rogue_Hooded"]
